46 1900086 84210 
47 2253576 128335 
48 2236621 127542 
49 1807065 179447 
50 1963730 199380 
51 1808484 154290 
52 2284600 138162 
53 2149823 182012 
54 1924206 178754 
55 2270696 211887 
56 2013789 169531 
57 2129139 73934 
58 2282580 64659 
59 2210392 64621 
60 2252634 59141 
61 2184652 202158 
62 2102128 158030 
63 2300902 135467 
64 2249006 133867 
65 2124233 127107 
66 2200253 198958 
67 2080815 206402 
68 2205573 170637 
69 2266627 53976 
70 2335109 142460 
71 2257591 130739 
72 2166509 81643 
73 2201729 91709 
74 1893387 105606 
75 2298293 171569 
76 1923428 164270 
77 1895182 105870 
78 2156877 92411 
79 2227524 97901 
80 2095532 195290 
81 1959081 108349 
82 2310623 132436 
83 2048113 42858 
84 2166867 183419 
85 1963332 143875 
86 1927175 81342 
87 2165289 64519 
88 2028530 127864 
0.000375596143664728 1.0689443325072594e-06 -5.153129044538679e-06 
0.001007433785364279 0.0012078887887432724 -0.000692748908736227 
7.845818616358298e-05 4.7507708092555866e-07 5.875249942640177e-06 
9.226968334718729e-06 1.2395102914200607e-07 -5.253895214952181e-07 
0.00018633060709883774 2.6899996038039837e-07 1.255284601255362e-06 
0.0018686686447631467 2.875605481958263e-06 1.243660229311532e-05 
1.665024022379184e-05 1.0577305049192308e-06 -8.445080952462453e-07 
2.6547533053475236e-05 1.2330530330907112e-07 6.539572131786546e-07 
0.0008228448175165841 0.0014676003301310738 -0.0010463028807017214 
2.9313479771459196e-05 1.0931875543331356e-07 -1.1253484519071167e-06 
3.6021463428305996e-06 3.770744770187631e-07 -4.2174926526628345e-07 
0.00021202016517048302 5.982996329252148e-07 -1.1212568910449224e-07 
0.004011279845225887 1.9989722631410608e-06 -5.211644131144161e-05 
1.4732863579514941e-05 1.800256204695169e-07 -6.976585616732574e-07 
0.0001763329157955623 3.7623078676026736e-07 -1.950258823989185e-06 
2.4989903692008318e-06 2.567203635585391e-07 -2.8074694196822e-07 
0.0011036681621043403 9.659908011573037e-07 -2.4716527120092277e-05 
0.0012773880348664146 1.0461506904366305e-07 1.2427002140944218e-06 
0.005524385478369426 1.3785994592787089e-05 0.0002745846553803154 
0.00011301031219098742 0.004462582991948016 0.00025074163017375337 
7.250124990640345e-06 3.270511179872054e-07 3.857894685540471e-07 
0.0023838738500093527 2.6052521650609014e-07 4.850190785275078e-06 
7.101364286330647e-05 9.047279484187293e-07 1.9378817750464023e-06 
3.07217349968608e-05 5.104572879975151e-07 3.17623754336844e-07 
0.0003708020550620716 1.4861585362930727e-07 -8.056514982015286e-07 
0.0011393169622488167 6.17293415662024e-08 3.0149394285588063e-06 
5.103969088718228e-05 3.9181905882443617e-07 -1.9572522005506524e-06 
8.812714305612275e-05 2.0014814747013264e-07 -1.2925573707461024e-07 
5.642587058051359e-07 2.488461171094824e-07 -6.154629903104745e-08 
2.4557651189033965e-05 2.4177823544566566e-05 1.3466354044293182e-05 
0.00038518857243655954 8.452625454667027e-07 -7.452083048611393e-06 
8.982295527774472e-05 7.5023431856728936e-06 2.1668804036845716e-05 
2.393048684653374e-05 1.6680780264571102e-07 4.6187552920037754e-07 
7.770937378775844e-06 6.558133358748627e-07 1.8037478874265784e-06 
0.010026410549749036 1.3580015399465864e-06 -5.988786791164446e-06 
0.00022998061096893407 2.569979082995715e-07 6.358251520676949e-06 
1.4388033719664964e-05 2.2543320364672816e-07 -1.0490456435648493e-06 
0.00022905862101915404 2.3702007814514244e-07 -1.3180103192465691e-06 
6.891098947848549e-05 1.396035371149976e-06 -6.0427220034996114e-06 
5.207703162191841e-05 9.140981891885288e-07 2.8437554271401906e-07 
4.246669271061497e-06 5.215426113458156e-06 -1.6917903082136006e-06 
0.00013602045255687025 4.900274327952067e-07 -2.743869823981654e-06 
0.2408024368188092 0.00011898529341773356 -0.004093094093570035 
