1 2310473 131077 
2 2173574 41053 
3 1979112 131944 
4 2427003 134907 
5 2073383 58916 
6 2249834 137339 
7 2176296 61415 
8 1883742 198360 
9 2002997 128278 
10 2069851 111977 
11 1850427 211166 
12 2225951 199531 
13 1840763 155539 
14 1964958 85648 
15 1937207 114697 
16 1918091 66634 
17 2287846 133370 
18 2117743 45008 
19 2266770 138804 
20 1922476 208886 
21 1864043 78286 
22 1805738 60095 
23 2247261 101647 
24 1867774 85152 
25 1916964 196077 
26 1847497 211156 
27 2268777 56353 
28 1825031 195642 
29 2325750 139159 
30 2342621 41724 
31 1847918 119365 
32 2086074 102273 
33 2331726 187295 
34 1971996 198011 
35 2337092 112593 
36 2264233 107531 
37 1826474 61546 
38 1945502 120010 
39 2001191 172416 
40 2334951 143368 
41 1980066 59620 
42 2117641 78983 
43 2071723 103083 
44 2293071 129343 
45 1990778 159171 
46 1900086 84210 
47 2253576 128335 
48 2236621 127542 
49 1807065 179447 
50 1963730 199380 
51 1808484 154290 
52 2284600 138162 
53 2149823 182012 
54 1924206 178754 
55 2270696 211887 
56 2013789 169531 
57 2129139 73934 
58 2282580 64659 
59 2210392 64621 
60 2252634 59141 
61 2184652 202158 
62 2102128 158030 
63 2300902 135467 
64 2249006 133867 
65 2124233 127107 
66 2200253 198958 
67 2080815 206402 
68 2205573 170637 
69 2266627 53976 
70 2335109 142460 
71 2257591 130739 
72 2166509 81643 
73 2201729 91709 
74 1893387 105606 
75 2298293 171569 
76 1923428 164270 
77 1895182 105870 
78 2156877 92411 
79 2227524 97901 
80 2095532 195290 
81 1959081 108349 
82 2310623 132436 
83 2048113 42858 
84 2166867 183419 
85 1963332 143875 
86 1927175 81342 
87 2165289 64519 
88 2028530 127864 
6.0205795757278285e-05 6.836579130811012e-07 6.611788108639956e-07 
8.789263590853668e-05 3.0664998402840246e-06 2.806422976696796e-06 
8.028009658202406e-05 2.403197997388012e-07 1.1792569910901603e-06 
2.0076336848950346e-06 7.665379057279006e-09 6.59426523237237e-08 
4.469946170320271e-06 3.094532366977944e-08 -1.1721910202378426e-07 
0.00013965539611047401 8.247276709856346e-07 2.1573116336060845e-06 
1.956586995806468e-06 1.5605311704680275e-07 9.557069468838731e-09 
1.8907319621308618e-06 1.879092263149811e-06 1.2228185865542584e-06 
9.273475934650103e-07 1.86267520533783e-08 1.7399054302831196e-08 
0.00044851062165987364 2.8168533196730703e-08 7.687034946333137e-07 
7.502794457379287e-05 2.691598364597181e-08 -1.4263032421190958e-07 
7.590962512310782e-06 3.148010759208932e-07 6.721234064686215e-07 
0.0017530434045606082 1.043029945097967e-06 2.235585162045643e-06 
3.160458625096437e-05 3.551192843095346e-08 2.0087756572856085e-07 
1.4012620287405723e-06 1.1618409334869236e-07 -1.3498611436880734e-07 
1.2057866196344059e-05 1.8022930224705715e-07 5.312444517840122e-07 
3.085148917783642e-05 9.442657186715901e-08 9.067380671967705e-07 
4.029461220821766e-06 1.4954444543562799e-06 -1.459879664921291e-07 
6.91826008979831e-06 6.575987792132783e-07 -1.2298807819120958e-06 
0.00012150147760074616 2.3903457054848005e-06 -1.0712150729045402e-06 
0.00019655074296248316 1.3631180238994764e-07 -2.63858603567603e-07 
6.307403440464363e-05 2.4255197331903102e-08 7.959424572200781e-07 
3.716258399945239e-05 8.092432502400201e-08 -3.163389574829041e-07 
0.00017984696417995628 4.546466519104853e-06 3.420528967750576e-06 
9.435087680325868e-05 4.065739920758458e-06 -7.571588203283908e-06 
0.0001803032799886727 3.327530281324958e-08 7.125769624231633e-07 
2.725631349691435e-05 2.937077909098325e-07 -4.064962239894558e-07 
0.00013149244225777845 1.3763352871253834e-06 -1.1063690358746556e-05 
0.0002127890972872738 0.00011348721447322 -0.0001399558574372526 
2.5458139514518024e-05 1.0290010658678593e-06 4.2471472190797005e-06 
0.00011577616349348199 4.726006036006186e-07 -5.811394144148903e-07 
5.8412723438308413e-05 3.873589872106994e-06 -2.0913435610132566e-06 
2.6732888241259225e-06 3.5295850423007274e-06 -1.405814372959987e-06 
9.214068365381587e-06 4.0300666524498086e-07 1.1789217060746168e-06 
2.4899600056782268e-05 6.531461706835295e-07 3.840842602981477e-06 
2.9298264669136223e-05 2.6440630095014586e-07 -3.3220885823928217e-07 
0.0007227790604452732 8.631484635969432e-07 -2.3049360275539354e-05 
3.061648412918533e-05 5.364164438132096e-07 5.10119301650859e-07 
1.1658513152110806e-05 1.2944256857408529e-07 5.796773346834958e-07 
0.33374608211121 3.6276748055566302e-06 -3.8695197925937394e-05 
0.0012705506113017124 1.4886818693447657e-06 -1.010764889414493e-05 
0.0004898878969861001 1.9685501316237383e-06 3.841189234162094e-06 
0.001357266344831457 2.7445390051950646e-06 3.618152829383916e-05 
7.574617721901746e-05 1.0864914033828385e-06 -4.391780032263888e-07 
0.001514859602785476 9.193662155244849e-07 -1.3560999396919407e-06 
0.000375596143664728 1.0689443325072594e-06 -5.153129044538679e-06 
0.001007433785364279 0.0012078887887432724 -0.000692748908736227 
7.845818616358298e-05 4.7507708092555866e-07 5.875249942640177e-06 
9.226968334718729e-06 1.2395102914200607e-07 -5.253895214952181e-07 
0.00018633060709883774 2.6899996038039837e-07 1.255284601255362e-06 
0.0018686686447631467 2.875605481958263e-06 1.243660229311532e-05 
1.665024022379184e-05 1.0577305049192308e-06 -8.445080952462453e-07 
2.6547533053475236e-05 1.2330530330907112e-07 6.539572131786546e-07 
0.0008228448175165841 0.0014676003301310738 -0.0010463028807017214 
2.9313479771459196e-05 1.0931875543331356e-07 -1.1253484519071167e-06 
3.6021463428305996e-06 3.770744770187631e-07 -4.2174926526628345e-07 
0.00021202016517048302 5.982996329252148e-07 -1.1212568910449224e-07 
0.004011279845225887 1.9989722631410608e-06 -5.211644131144161e-05 
1.4732863579514941e-05 1.800256204695169e-07 -6.976585616732574e-07 
0.0001763329157955623 3.7623078676026736e-07 -1.950258823989185e-06 
2.4989903692008318e-06 2.567203635585391e-07 -2.8074694196822e-07 
0.0011036681621043403 9.659908011573037e-07 -2.4716527120092277e-05 
0.0012773880348664146 1.0461506904366305e-07 1.2427002140944218e-06 
0.005524385478369426 1.3785994592787089e-05 0.0002745846553803154 
0.00011301031219098742 0.004462582991948016 0.00025074163017375337 
7.250124990640345e-06 3.270511179872054e-07 3.857894685540471e-07 
0.0023838738500093527 2.6052521650609014e-07 4.850190785275078e-06 
7.101364286330647e-05 9.047279484187293e-07 1.9378817750464023e-06 
3.07217349968608e-05 5.104572879975151e-07 3.17623754336844e-07 
0.0003708020550620716 1.4861585362930727e-07 -8.056514982015286e-07 
0.0011393169622488167 6.17293415662024e-08 3.0149394285588063e-06 
5.103969088718228e-05 3.9181905882443617e-07 -1.9572522005506524e-06 
8.812714305612275e-05 2.0014814747013264e-07 -1.2925573707461024e-07 
5.642587058051359e-07 2.488461171094824e-07 -6.154629903104745e-08 
2.4557651189033965e-05 2.4177823544566566e-05 1.3466354044293182e-05 
0.00038518857243655954 8.452625454667027e-07 -7.452083048611393e-06 
8.982295527774472e-05 7.5023431856728936e-06 2.1668804036845716e-05 
2.393048684653374e-05 1.6680780264571102e-07 4.6187552920037754e-07 
7.770937378775844e-06 6.558133358748627e-07 1.8037478874265784e-06 
0.010026410549749036 1.3580015399465864e-06 -5.988786791164446e-06 
0.00022998061096893407 2.569979082995715e-07 6.358251520676949e-06 
1.4388033719664964e-05 2.2543320364672816e-07 -1.0490456435648493e-06 
0.00022905862101915404 2.3702007814514244e-07 -1.3180103192465691e-06 
6.891098947848549e-05 1.396035371149976e-06 -6.0427220034996114e-06 
5.207703162191841e-05 9.140981891885288e-07 2.8437554271401906e-07 
4.246669271061497e-06 5.215426113458156e-06 -1.6917903082136006e-06 
0.00013602045255687025 4.900274327952067e-07 -2.743869823981654e-06 
0.2408024368188092 0.00011898529341773356 -0.004093094093570035 
